INDEX 1118101116118499

15551155 500555155οπ5 717. 51. 1501, - Theodori 155155 8064.

1509,1 19,1 1 5551555056007,- -05555555 4601, 4668, 6866.

10709. 1455515555 794, 877, 865, 909.
imbus 1990, 8677. 0155555 9596, 7670.
055555 9477. 0155 tu 9060, 9087.
1877118 ..1718785981181
8811187818817172838181118
15501155 15 0155515 8767. - Patri Latini 1. 7706.
05011555 5898. - 2 5555565555 786, 1888, 4384.
0555155581 7188. 7 7.
1111111516115115555, 5555, &iiiiii ⁹²⁹¹'

758, 7517 01555555 7816.
155155 6706. 01551155 1477. .
155550 5505555510180. 015565551488.
Luna 46. 015155 9157.
Lychnidaa 8778. 0155515155 1781, 1797, 1796. 9806.
Lycia 814. 8991. 0155551155 779, 789, 806, 808.
Lydia 4084, 6910. 0155151515555751. 55.15 745, 9704.

Μ 11111151715119511555. pa

0155585555 5198, 7857. 15155505 7865, 10749
0155585515 408. 691, 2514, 8677, Mediolanum 686.

8589, 7677, 8087. Maiangi 6960.
015558551555 644, 649. 10855515 4077.
Macedonian 9687, 9759. 0151555555 8176, 8494, 8757.
01551555158.11515551555057989,015158155 6474.

7995, 8649, 9700, 0155550515 10868.

5551551555 umam 5555
&miii 41⁷.- 5181111111 Μ ¹⁰²⁶*
1551151991ἧ555555555555. Μ11115555, 11 ¹⁰⁸⁴ ’Μ’

4871. 95151 5515586, 8186, 8167. - Ananias. 8890, 8888, 8876.
0150555555 8707. - 4515515555, 5515. Ν11. 10740.
Mamaea 165. -· 05555155155 10084.
517818 ⁴ 8117758191

, mammii‘gu -9ξ175ἆ555555, 9515551. 15. 8677,
015555 744. - 0555551585 8787, 8801.
Μ.. ιι’1151515555 :Ep 1111111318
0155 555580888111. -9111185155156804,86689107,
Manichaei 747, 8660. ,,9719
01555517867,4076,4188.4041, 4711, -910511551 conob. 55551. 10186.

4815. -95155515555 8578, 8868, aaa&
.. ...
- Lauri· 9060, 9194. - tration 9517, 8717.

- Micia-lisa 115. 7688. - Tbeaaaiiaaaain 5155155 474⁹.

-gztaiatcha 7 4, 7864, 8859, Milium 7179. ι

8 71076110768501115155 6877. ’

 

