496 INDEX 1113103103Θὶ

Constantinus Magn» 000 ’ ’ mumma
- 111010011040001 00100 76331100. 10010034313477, 35433559.
- 610000001οι 3096, 3171 Demophilus 9645.
·- Paphlago 1653. , 110000οι1100 7414.
- 300000101441,8966.1100009153
- ’1101161100 9234, 9139. 'nexium 0000000011 00001. 9346
- Τοιο10009 9439. 111000001111. .
Constantius, ,1. 401. 11100 00110100 7115 7361, 7369 ,m
00010010000 3417 ¹ 8086, 9043, 907510136. ·
00010010010000 Dum 4936, 3436, 01000401144, 9793.
3641101571 · 01001000000151, ..169
Corcyraeum 4110 Diogen 00 3931.
= 0001011110 7179, 7135. 1110000100 0011001540
00000000 4103, 5330, 6343, 5354. 1110000οι 161.
000000411100010145. 11100000Ιο01· 1110000000 1013, 9710, 9719, 9775,
003011314566798010169. 31608010800764313, 335, 977.
0010 000 000 51115. ’ 11100 3511.
0000101515, 1135,1517,1665. 110101000,1100000000 6714.
00100100 1331. 110ιί001043.
cauimus 3963, 3933 “ - 0010100010 9634
croac 3710. , 110ιο10000 4379, 4641.
000000 7535. 11000 01008491, 9000, 9616.
000113967. ’ 1100010010υο 7637 8601, 9114.
0000000 9611. Ε.
0000010100 3530
0001000 00007751. - ' 30101001567, 5111, 5934
00 00010000 191. · ’3000001734 1994, 3033, 3037.
cy&- 3515, 5333, 5391 ,69315936 Effissffi mm mm
00000110 6140, 3947. 31001100ιί00 9530
00000000 9303 · ι31100 Thesbiten 1530.
0001110000 9597 · 0000001000 1474
0001300741, 6517. 4100000110009700 3010 100 9771.
0031771773 400101010000010100 Ezlgoongndgfflfflffi 907οἶ 3019-
0010000 7535 ’ 301001 000001. 5595.
0000 747 1455, 1604, 3533 9648, 301ηὸ003963.
9703,10175 ¹ ’.30100ιο02
⁰· , 531111511110000000000000
0001181 · ² 301000 1100110100 6639.
1100110000 03313. ’ - 3. 9001100000 6713.
1101000110 133 3491, 7673 3010000013οω, v. 30000.
1100000010 5664. Erinnys 151, 9651543, 4931, 5057,
11000011ιο 6767, 7179, 7113. 6119.
11000100 7314. · 30000(300000) 7141 71441419 7419,
000ιο00. 0... ..0000 ⁷⁷³⁴
0000, 0001, 0000. · ' numnam.
mamam... 11001.
1101011000 6871, 6373, 6937. 3000010 713, 2511, 7197, 9139.
1101000 1337, 3135, 7396 - 1ιο000 00000 3616.
55111439 011000... 0000 0615110133
1100. 0001006776, 5734, 7314 30000100 9640.

 

