424 INDEX HISTORIGUS.

Angli Διὶ81598101591871111 m

99999999.
9......9 ,99 999, 9999999999,

9999 eadum 8789. 9119 6445. 1859, 2458157980288997 4576,
19999919 9999 7892 799989919119 4585, 7489, 7508

8395. 9999 9999191. 8899.
9971999699 919, 2896.
99791999 Trapez„ 9778.

Auxentium 70719.
99199 9921.
999919 4089.

Antiochum 481, &Quam 87879, ml’mphoepoem.

2964 8578, 8585
5965, 5969, 7586, 9678.
9971991199 9991991999 709.

9979999116. Mum 729 cm· 8959199192.
02112156.cm5mm9990.p·· Bubylonlnslss.

79199979 7002691
9919998119 7681.
9991199199 8948, 19179.
9991199199 7199999919 49.
- Apamam· 151⁶, 1531

89998995.πώ

8999919999994 mm-
1191891999, 8 Onu 6712,

QQQQQQ

9999991479, 1468, 1519, 1667 ,1718 - Latinum 8158, 8298.

991917199111866616 ⁴5³⁷

QQQQQ
1999111189
ffaogssffiw 19577, 9677.
9919999995, 9481981, 1045.

-· Petri Latini 1. 7705.
QQQQQ
81119159918449, 4759.

Βυ1199199 6797.

Bauium· 987, 971, 985. 988, 1⁰23.
n... M'cssfflfflffi

99199 869, 417, 510, 587, 551, 601, 19196.

9614.

nu. chotin 6757·

9999191819, 1961 ,29782888 8909. h chum 6051.

99999911 7245.
Amafinium
99999199 681, 725, 9682-

8991979998698.

wfflmfflmm

99999199 999997918947, 9489 ,9468 9999199999 tm

QQQQQ
9979 7566, 9417..
99799199 1609.

33me “¹¹⁷ss
mfflg'lpmm 9¹3⁷ ¹

9999 5769, 5809, 5811,6997,6776,891198199014189.4195.7657ι

QQMJQ 80488959,

8999818899...

99919..9999,999,99999999 999999999991999999 ¹

,9991899999 8617, 9454.
991991999951179.
999 9919 891, 896.

9111199918464, 70848, 79866.

4799998991187, 9584.
9719799991 7195. . ·
959919874, mm
9799996666.

9999999199 7619, 7168, 7518.
185888
9179999 726 781, 9688.

8181997917.

81779611ῗ, 1626 ,8864,,4675 49185081,

BQJQQQQQQQQWQ

817197878894886789981.

8991999977997991811787768
9888899
QQQQQQQ

wffifflfflm

 

