’ 11111111 ιιιιιοιιιιιι. ιιι

hemmenam, 8890. Priapus 161
Persiu 244, 480,1221,1816, 1866, 9111811111 6689, 7669, 8089, 8602,
1877, 9119, 9122. olu- 9026, 9184, 9166, 9897.
Pertinax 147. pontifex 9692. 91118111811181118 1989, 8080
9811111111ι4224. 9188111747, 762, 9707
9811111111,11ιιι8809 8487,8698.91888811118811ι212810296.
98111111116827 7076, 9690. Propontis 4984, 6896, 6268, 6649,
Petrum 226, 266, 272. 6994.
98111118 881. 16,861 6769, 5796, Proucon 6456 6461, 6471 ⁸515·
6800, 76. 111 ιιιι1ι6886. 91811111ι11188892.
- vir 1811187262. latinu· 7676, 911ιι8 6081, 5092, 5182, 7269, 7467.
7688111118111196069838.1111111111 9116918131 Balbinus 174 860
1169339511 58818418144185516918 ’
91181814842. Python 26. ’ ··
611618 1815191111. Β·
hiphil ιιιιιιι3912
Phila 81 hia 4686, 6918, 5917 6,956, 118111 lunum 9416
8814,8915‚ 10884. 11811116111181190799098.
Philon 7061. 111186881116198, 7814.
9188181118 8687 1111111ιι8111111111ιιι 8526
Philon Theodorus 9864. 1118111118 8412
9111151 181118 812811181118118ι 1564, 111188 8111111ιὸ1110, 8080, 8126, 8227,

ιιιιιι ιιιιιιιιιι·· · .
Philippus 182. 5118118111118111. 1181181111ι1181ιιι 8490, 8498, 8601,

- 1881118111. 7706. - 981111. 7705, 7720
Philomelium 8657, 4088, 6958. Romu 16, 70, 278, 405, 821, 882,
91111811, 1115118189. 910,1707,1961,1985,1946,1962,
9118111188 154 6789.
Phocus, 8111ιι.9111181181 h. 8718. 11811ιὶ81 sceptra 66.
9118ι881278, 128812 18041844118111118 801, p806, 1048, 2098. 2466,
-Ν1881ι 1811112759, 2765, 2886, 2888. 2487, uiui, 7490.
fumum 1821, 1666, 2960, 8870. Romanus Argyrupuluu.
91181111ι 10016, 10021. . 118111088111111. 1. 2748, 2876.
Phrixi portus 9828 - Diogenes 8858
Phrygia 2187, 8784, 8991, 8064,- Lucup 81111ι2692, 2781.

4400, 6976. 1181112598.
Pisani 6908, 6910 Rusticus 8181811112845, 8120, 6648.
9111111181082. 8888182770.
9181111811 8868, 8597. 1118811111 8416.
Pluto, ιιιοιιιιΙιιιι 2089. [iusticias 984.
Plutarchus 9579. ’
9811181811117266, 7420, 7611, 7916, s·

7974. 8811811111888811184181204.
981 yourpuu 142, 9579. 8881117619, 7528.
Polyeuotuup 1111118612882, 10056. 881111ι11812196.
9181118118174. 8811111896, 2077.
9811111ι89619667 8811181111 2667.
9188188091, 8608. fluuius 8622 6176.
9181111851 1181112916 Sampson 7618 9780. ,
911811184065.811111181,1>ῐ1116611181111.2902.

 

