91999 9999999999. 991

1199119899, 99991199 M rud 0191991871.

8111, 5911 0199199899 819, 980,1810,1918,
nonduin 10191. 9717, 9751

1199199 7818 8051.1 (19919999 99991005.
1188199999. 11181977
9191111911..
55889ῗῶ 999999.998879 · (8115755185.ΖΘ

⁸⁰¹7& ἐξὲξ ἓξὲξ, 'aegyffiffi 93119999991508, ἓξὲξ, 1585 1511, 1581.
B 99998999 198,8511187,1187, 01999918881887.

· 9919911191,9999,991’191’ 9999199999

christopoli· 8111.
(9, 058195111858, names, 188,
159, 199 150 ,178, 597, 80οζ 812,
(9999999. 9991. · 1999, ’1519’ eta
09899999,919199195189. (8999995999 701, 781781.
0999199(89911991 8111. Chrysopolis 9811.
cumr (1197999) 8117 chrysostomus 719 9708.
0919909599192, 19. 08999998199199 8151, 8181, 8187,

0919999999 99997755. 6588, 8811.
0919899999 8985 0199991999 9151

091119999998885, 8188, 8758, 8115. 0119991009, 7718. ’
81181717, 117119 8888777777
9.......9-1...;’9..9.., 91919919

099199 999 5111. 01998199 91191888, 1887·

cmn}tzu 5815, 8177, 5581, 8888, 01998199 11, 115.

801 (11999999 115.
019991995919199199199919.
9.,,999999991999999999951199919999
09999191999999155. 0999909118.

00578885881811. 899008011581, 8835538854788 775, 9181788,

1881, 1871. 1811 ,1178 15881955, 8181, 8187,
099918811181988
0999198911. . - comtum 01919999 167 188, 171180,
ᾔῗῗῗὲξέωοτι γ {373- comem 91 9919..
09919911 8688, 8608, 8881, 8719, 099999991199,1859,1861,

8118, 9878.1885,1888,1888
cmo-10 9111. -. „Qum
ssfflfflssf ἶ”””” ’7899
cathmum 7580, 7780. - ormaza 1710, 1750,176⁸‚
5858887941. -’1’9’9ω 9919, 9199.

0991999999 1818, 5518. - 19999919 81.1588,1705,1709,1717
9191999999 91519968 -9991,9990998189969
Chaeronea 1119. - 1199999 8158159817, 815.

 

